[e0,ex,ey,ez] = deal([0;0;0],[1;0;0],[0;1;0],[0;0;1]);
color = eye(3);
T0 = eye(4);
markers = ["+";"o";"*";".";"x";"square";"diamond";"v";"^";">";"<";"pentagram";"hexagram";"none"]; % 14个元素的char型数组
colorE = [0 0.4470 0.7410
            0.8500 0.3250 0.0980
            0.4940 0.1840 0.5560
            0.4660 0.6740 0.1880
            0.3010 0.7450 0.9330
            0.6350 0.0780 0.1840
            normS([255,255,17])
            normS([19,159,255])
            normS([255,105,41])
            normS([100, 212, 19])
            normS([183, 70, 255])
            normS([15, 255, 255])
            normS([255, 19, 166])
            0.9290 0.6940 0.1250];
color_6_1 = [255, 89, 94;
    255, 146, 76;
    255, 202, 58;
    197, 202, 48;
    25, 130, 196;
    106, 76, 147]/255;